Li		0.3492		3.233		-0.0089		2.0		0.1186		3		7		13.84		0.534
Be      0.3518      3.034       -0.0089     2.0		0.0950      4		9       26.10       1.848
C(1)    0.5848      2.360       -0.0089     2.0		0.1257      6		12      30.65       2.265
C(2)    0.7154      2.191       0.4515      2.0		0.1033      6		12      26.55       1.700
Na      0.2204      3.103       0.2386      2.8		0.1421      11		23      19.64       0.971
Mg      0.1714      3.223       0.0966      2.8		0.1191      12		24      26.71       1.740
Al      0.3346      2.795       0.0966      2.5		0.0836      13		27      32.86       2.699
Si      0.3755      2.720       0.2386      2.5		0.0865      14		28      31.06       2.330
K       0.3041      2.674       0.1751      3.0		0.0526      19		39      18.65       0.862
Ca      0.2177      2.874       0.0485      3.0		0.0735      20		40      25.34       1.550
Ti      0.1782      2.946       -0,0089     3.0		0.0972      22		48      41.62       4.54
V       0.1737      2.935       -0.0089     3.0		0.0994      23		51      47.86       6.11
Mn      0.1996      2.812       -0.0089     3.0		0.1095      25		55      53.02       7.44
Fe      0.2101      2.771       -0.0089     3.0		0.1158      26		56      55.17       7.874
Co      0.2229      2.713       -0.0089     3.0		0.1256      27		59      58.19       8.90
Ni      0.2504      2.619       -0.0089     3.0		0.1307      28		59      59.38       8.902
Pyrex   0.2988      2.805       0.1479      2.5     0		10.3		20		23.51		1.3

